{
 "cells": [
  {
   "cell_type": "code",
   "execution_count": 1,
   "id": "e8b71f6e",
   "metadata": {},
   "outputs": [],
   "source": [
    "import seaborn as sns\n",
    "from sklearn.preprocessing import OneHotEncoder\n",
    "import numpy as np\n",
    "import pandas as pd\n",
    "from sklearn.metrics import mean_squared_error , r2_score\n",
    "from sklearn.preprocessing import LabelEncoder\n",
    "from sklearn.linear_model import LinearRegression\n",
    "from sklearn.model_selection import train_test_split \n",
    "from sklearn.preprocessing import scale\n",
    "from sklearn.impute import SimpleImputer\n",
    "df = pd.read_csv('./DATA/train.csv')\n"
   ]
  },
  {
   "cell_type": "code",
   "execution_count": 2,
   "id": "6586a4a9",
   "metadata": {},
   "outputs": [
    {
     "data": {
      "text/html": [
       "<div>\n",
       "<style scoped>\n",
       "    .dataframe tbody tr th:only-of-type {\n",
       "        vertical-align: middle;\n",
       "    }\n",
       "\n",
       "    .dataframe tbody tr th {\n",
       "        vertical-align: top;\n",
       "    }\n",
       "\n",
       "    .dataframe thead th {\n",
       "        text-align: right;\n",
       "    }\n",
       "</style>\n",
       "<table border=\"1\" class=\"dataframe\">\n",
       "  <thead>\n",
       "    <tr style=\"text-align: right;\">\n",
       "      <th></th>\n",
       "      <th>ID</th>\n",
       "      <th>PRICE</th>\n",
       "      <th>BEDROOMS</th>\n",
       "      <th>BATHROOMS</th>\n",
       "      <th>GARAGE</th>\n",
       "      <th>LAND_AREA</th>\n",
       "      <th>FLOOR_AREA</th>\n",
       "      <th>BUILD_YEAR</th>\n",
       "      <th>CBD_DIST</th>\n",
       "      <th>NEAREST_STN_DIST</th>\n",
       "      <th>POSTCODE</th>\n",
       "      <th>LATITUDE</th>\n",
       "      <th>LONGITUDE</th>\n",
       "      <th>NEAREST_SCH_DIST</th>\n",
       "      <th>NEAREST_SCH_RANK</th>\n",
       "    </tr>\n",
       "  </thead>\n",
       "  <tbody>\n",
       "    <tr>\n",
       "      <th>ID</th>\n",
       "      <td>1.000000</td>\n",
       "      <td>0.002149</td>\n",
       "      <td>0.007004</td>\n",
       "      <td>-0.000146</td>\n",
       "      <td>-0.010428</td>\n",
       "      <td>-0.007281</td>\n",
       "      <td>0.006915</td>\n",
       "      <td>0.000651</td>\n",
       "      <td>0.000779</td>\n",
       "      <td>0.003104</td>\n",
       "      <td>0.003222</td>\n",
       "      <td>-0.011983</td>\n",
       "      <td>-0.006936</td>\n",
       "      <td>-0.000778</td>\n",
       "      <td>-0.010885</td>\n",
       "    </tr>\n",
       "    <tr>\n",
       "      <th>PRICE</th>\n",
       "      <td>0.002149</td>\n",
       "      <td>1.000000</td>\n",
       "      <td>0.256909</td>\n",
       "      <td>0.386485</td>\n",
       "      <td>0.124276</td>\n",
       "      <td>0.046778</td>\n",
       "      <td>0.539524</td>\n",
       "      <td>-0.148771</td>\n",
       "      <td>-0.357368</td>\n",
       "      <td>-0.099370</td>\n",
       "      <td>-0.162925</td>\n",
       "      <td>0.046722</td>\n",
       "      <td>-0.183514</td>\n",
       "      <td>-0.024030</td>\n",
       "      <td>-0.453937</td>\n",
       "    </tr>\n",
       "    <tr>\n",
       "      <th>BEDROOMS</th>\n",
       "      <td>0.007004</td>\n",
       "      <td>0.256909</td>\n",
       "      <td>1.000000</td>\n",
       "      <td>0.558640</td>\n",
       "      <td>0.180447</td>\n",
       "      <td>0.047265</td>\n",
       "      <td>0.536185</td>\n",
       "      <td>0.234275</td>\n",
       "      <td>0.120185</td>\n",
       "      <td>0.105443</td>\n",
       "      <td>0.019795</td>\n",
       "      <td>0.023951</td>\n",
       "      <td>-0.011119</td>\n",
       "      <td>0.093771</td>\n",
       "      <td>0.029626</td>\n",
       "    </tr>\n",
       "    <tr>\n",
       "      <th>BATHROOMS</th>\n",
       "      <td>-0.000146</td>\n",
       "      <td>0.386485</td>\n",
       "      <td>0.558640</td>\n",
       "      <td>1.000000</td>\n",
       "      <td>0.181213</td>\n",
       "      <td>0.028357</td>\n",
       "      <td>0.556328</td>\n",
       "      <td>0.345848</td>\n",
       "      <td>0.028758</td>\n",
       "      <td>0.033446</td>\n",
       "      <td>-0.032696</td>\n",
       "      <td>0.048622</td>\n",
       "      <td>-0.094269</td>\n",
       "      <td>0.053522</td>\n",
       "      <td>-0.095940</td>\n",
       "    </tr>\n",
       "    <tr>\n",
       "      <th>GARAGE</th>\n",
       "      <td>-0.010428</td>\n",
       "      <td>0.124276</td>\n",
       "      <td>0.180447</td>\n",
       "      <td>0.181213</td>\n",
       "      <td>1.000000</td>\n",
       "      <td>0.042186</td>\n",
       "      <td>0.186341</td>\n",
       "      <td>0.045461</td>\n",
       "      <td>0.042033</td>\n",
       "      <td>0.101591</td>\n",
       "      <td>0.019979</td>\n",
       "      <td>-0.011987</td>\n",
       "      <td>0.085201</td>\n",
       "      <td>0.094102</td>\n",
       "      <td>0.014924</td>\n",
       "    </tr>\n",
       "    <tr>\n",
       "      <th>LAND_AREA</th>\n",
       "      <td>-0.007281</td>\n",
       "      <td>0.046778</td>\n",
       "      <td>0.047265</td>\n",
       "      <td>0.028357</td>\n",
       "      <td>0.042186</td>\n",
       "      <td>1.000000</td>\n",
       "      <td>0.066470</td>\n",
       "      <td>0.009614</td>\n",
       "      <td>0.114915</td>\n",
       "      <td>0.201562</td>\n",
       "      <td>0.034252</td>\n",
       "      <td>-0.002033</td>\n",
       "      <td>0.130394</td>\n",
       "      <td>0.245674</td>\n",
       "      <td>0.034244</td>\n",
       "    </tr>\n",
       "    <tr>\n",
       "      <th>FLOOR_AREA</th>\n",
       "      <td>0.006915</td>\n",
       "      <td>0.539524</td>\n",
       "      <td>0.536185</td>\n",
       "      <td>0.556328</td>\n",
       "      <td>0.186341</td>\n",
       "      <td>0.066470</td>\n",
       "      <td>1.000000</td>\n",
       "      <td>0.230423</td>\n",
       "      <td>0.022669</td>\n",
       "      <td>0.106088</td>\n",
       "      <td>-0.040491</td>\n",
       "      <td>0.039342</td>\n",
       "      <td>-0.039926</td>\n",
       "      <td>0.117837</td>\n",
       "      <td>-0.136373</td>\n",
       "    </tr>\n",
       "    <tr>\n",
       "      <th>BUILD_YEAR</th>\n",
       "      <td>0.000651</td>\n",
       "      <td>-0.148771</td>\n",
       "      <td>0.234275</td>\n",
       "      <td>0.345848</td>\n",
       "      <td>0.045461</td>\n",
       "      <td>0.009614</td>\n",
       "      <td>0.230423</td>\n",
       "      <td>1.000000</td>\n",
       "      <td>0.258332</td>\n",
       "      <td>0.090911</td>\n",
       "      <td>0.038833</td>\n",
       "      <td>0.045702</td>\n",
       "      <td>-0.063877</td>\n",
       "      <td>0.096881</td>\n",
       "      <td>0.151206</td>\n",
       "    </tr>\n",
       "    <tr>\n",
       "      <th>CBD_DIST</th>\n",
       "      <td>0.000779</td>\n",
       "      <td>-0.357368</td>\n",
       "      <td>0.120185</td>\n",
       "      <td>0.028758</td>\n",
       "      <td>0.042033</td>\n",
       "      <td>0.114915</td>\n",
       "      <td>0.022669</td>\n",
       "      <td>0.258332</td>\n",
       "      <td>1.000000</td>\n",
       "      <td>0.450933</td>\n",
       "      <td>0.249753</td>\n",
       "      <td>-0.194665</td>\n",
       "      <td>-0.055923</td>\n",
       "      <td>0.379823</td>\n",
       "      <td>0.324407</td>\n",
       "    </tr>\n",
       "    <tr>\n",
       "      <th>NEAREST_STN_DIST</th>\n",
       "      <td>0.003104</td>\n",
       "      <td>-0.099370</td>\n",
       "      <td>0.105443</td>\n",
       "      <td>0.033446</td>\n",
       "      <td>0.101591</td>\n",
       "      <td>0.201562</td>\n",
       "      <td>0.106088</td>\n",
       "      <td>0.090911</td>\n",
       "      <td>0.450933</td>\n",
       "      <td>1.000000</td>\n",
       "      <td>0.205185</td>\n",
       "      <td>0.022709</td>\n",
       "      <td>0.497753</td>\n",
       "      <td>0.636990</td>\n",
       "      <td>0.184562</td>\n",
       "    </tr>\n",
       "    <tr>\n",
       "      <th>POSTCODE</th>\n",
       "      <td>0.003222</td>\n",
       "      <td>-0.162925</td>\n",
       "      <td>0.019795</td>\n",
       "      <td>-0.032696</td>\n",
       "      <td>0.019979</td>\n",
       "      <td>0.034252</td>\n",
       "      <td>-0.040491</td>\n",
       "      <td>0.038833</td>\n",
       "      <td>0.249753</td>\n",
       "      <td>0.205185</td>\n",
       "      <td>1.000000</td>\n",
       "      <td>-0.643786</td>\n",
       "      <td>0.174066</td>\n",
       "      <td>0.133505</td>\n",
       "      <td>0.190799</td>\n",
       "    </tr>\n",
       "    <tr>\n",
       "      <th>LATITUDE</th>\n",
       "      <td>-0.011983</td>\n",
       "      <td>0.046722</td>\n",
       "      <td>0.023951</td>\n",
       "      <td>0.048622</td>\n",
       "      <td>-0.011987</td>\n",
       "      <td>-0.002033</td>\n",
       "      <td>0.039342</td>\n",
       "      <td>0.045702</td>\n",
       "      <td>-0.194665</td>\n",
       "      <td>0.022709</td>\n",
       "      <td>-0.643786</td>\n",
       "      <td>1.000000</td>\n",
       "      <td>-0.113690</td>\n",
       "      <td>-0.010809</td>\n",
       "      <td>-0.050500</td>\n",
       "    </tr>\n",
       "    <tr>\n",
       "      <th>LONGITUDE</th>\n",
       "      <td>-0.006936</td>\n",
       "      <td>-0.183514</td>\n",
       "      <td>-0.011119</td>\n",
       "      <td>-0.094269</td>\n",
       "      <td>0.085201</td>\n",
       "      <td>0.130394</td>\n",
       "      <td>-0.039926</td>\n",
       "      <td>-0.063877</td>\n",
       "      <td>-0.055923</td>\n",
       "      <td>0.497753</td>\n",
       "      <td>0.174066</td>\n",
       "      <td>-0.113690</td>\n",
       "      <td>1.000000</td>\n",
       "      <td>0.306749</td>\n",
       "      <td>0.244113</td>\n",
       "    </tr>\n",
       "    <tr>\n",
       "      <th>NEAREST_SCH_DIST</th>\n",
       "      <td>-0.000778</td>\n",
       "      <td>-0.024030</td>\n",
       "      <td>0.093771</td>\n",
       "      <td>0.053522</td>\n",
       "      <td>0.094102</td>\n",
       "      <td>0.245674</td>\n",
       "      <td>0.117837</td>\n",
       "      <td>0.096881</td>\n",
       "      <td>0.379823</td>\n",
       "      <td>0.636990</td>\n",
       "      <td>0.133505</td>\n",
       "      <td>-0.010809</td>\n",
       "      <td>0.306749</td>\n",
       "      <td>1.000000</td>\n",
       "      <td>0.155208</td>\n",
       "    </tr>\n",
       "    <tr>\n",
       "      <th>NEAREST_SCH_RANK</th>\n",
       "      <td>-0.010885</td>\n",
       "      <td>-0.453937</td>\n",
       "      <td>0.029626</td>\n",
       "      <td>-0.095940</td>\n",
       "      <td>0.014924</td>\n",
       "      <td>0.034244</td>\n",
       "      <td>-0.136373</td>\n",
       "      <td>0.151206</td>\n",
       "      <td>0.324407</td>\n",
       "      <td>0.184562</td>\n",
       "      <td>0.190799</td>\n",
       "      <td>-0.050500</td>\n",
       "      <td>0.244113</td>\n",
       "      <td>0.155208</td>\n",
       "      <td>1.000000</td>\n",
       "    </tr>\n",
       "  </tbody>\n",
       "</table>\n",
       "</div>"
      ],
      "text/plain": [
       "                        ID     PRICE  BEDROOMS  BATHROOMS    GARAGE  \\\n",
       "ID                1.000000  0.002149  0.007004  -0.000146 -0.010428   \n",
       "PRICE             0.002149  1.000000  0.256909   0.386485  0.124276   \n",
       "BEDROOMS          0.007004  0.256909  1.000000   0.558640  0.180447   \n",
       "BATHROOMS        -0.000146  0.386485  0.558640   1.000000  0.181213   \n",
       "GARAGE           -0.010428  0.124276  0.180447   0.181213  1.000000   \n",
       "LAND_AREA        -0.007281  0.046778  0.047265   0.028357  0.042186   \n",
       "FLOOR_AREA        0.006915  0.539524  0.536185   0.556328  0.186341   \n",
       "BUILD_YEAR        0.000651 -0.148771  0.234275   0.345848  0.045461   \n",
       "CBD_DIST          0.000779 -0.357368  0.120185   0.028758  0.042033   \n",
       "NEAREST_STN_DIST  0.003104 -0.099370  0.105443   0.033446  0.101591   \n",
       "POSTCODE          0.003222 -0.162925  0.019795  -0.032696  0.019979   \n",
       "LATITUDE         -0.011983  0.046722  0.023951   0.048622 -0.011987   \n",
       "LONGITUDE        -0.006936 -0.183514 -0.011119  -0.094269  0.085201   \n",
       "NEAREST_SCH_DIST -0.000778 -0.024030  0.093771   0.053522  0.094102   \n",
       "NEAREST_SCH_RANK -0.010885 -0.453937  0.029626  -0.095940  0.014924   \n",
       "\n",
       "                  LAND_AREA  FLOOR_AREA  BUILD_YEAR  CBD_DIST  \\\n",
       "ID                -0.007281    0.006915    0.000651  0.000779   \n",
       "PRICE              0.046778    0.539524   -0.148771 -0.357368   \n",
       "BEDROOMS           0.047265    0.536185    0.234275  0.120185   \n",
       "BATHROOMS          0.028357    0.556328    0.345848  0.028758   \n",
       "GARAGE             0.042186    0.186341    0.045461  0.042033   \n",
       "LAND_AREA          1.000000    0.066470    0.009614  0.114915   \n",
       "FLOOR_AREA         0.066470    1.000000    0.230423  0.022669   \n",
       "BUILD_YEAR         0.009614    0.230423    1.000000  0.258332   \n",
       "CBD_DIST           0.114915    0.022669    0.258332  1.000000   \n",
       "NEAREST_STN_DIST   0.201562    0.106088    0.090911  0.450933   \n",
       "POSTCODE           0.034252   -0.040491    0.038833  0.249753   \n",
       "LATITUDE          -0.002033    0.039342    0.045702 -0.194665   \n",
       "LONGITUDE          0.130394   -0.039926   -0.063877 -0.055923   \n",
       "NEAREST_SCH_DIST   0.245674    0.117837    0.096881  0.379823   \n",
       "NEAREST_SCH_RANK   0.034244   -0.136373    0.151206  0.324407   \n",
       "\n",
       "                  NEAREST_STN_DIST  POSTCODE  LATITUDE  LONGITUDE  \\\n",
       "ID                        0.003104  0.003222 -0.011983  -0.006936   \n",
       "PRICE                    -0.099370 -0.162925  0.046722  -0.183514   \n",
       "BEDROOMS                  0.105443  0.019795  0.023951  -0.011119   \n",
       "BATHROOMS                 0.033446 -0.032696  0.048622  -0.094269   \n",
       "GARAGE                    0.101591  0.019979 -0.011987   0.085201   \n",
       "LAND_AREA                 0.201562  0.034252 -0.002033   0.130394   \n",
       "FLOOR_AREA                0.106088 -0.040491  0.039342  -0.039926   \n",
       "BUILD_YEAR                0.090911  0.038833  0.045702  -0.063877   \n",
       "CBD_DIST                  0.450933  0.249753 -0.194665  -0.055923   \n",
       "NEAREST_STN_DIST          1.000000  0.205185  0.022709   0.497753   \n",
       "POSTCODE                  0.205185  1.000000 -0.643786   0.174066   \n",
       "LATITUDE                  0.022709 -0.643786  1.000000  -0.113690   \n",
       "LONGITUDE                 0.497753  0.174066 -0.113690   1.000000   \n",
       "NEAREST_SCH_DIST          0.636990  0.133505 -0.010809   0.306749   \n",
       "NEAREST_SCH_RANK          0.184562  0.190799 -0.050500   0.244113   \n",
       "\n",
       "                  NEAREST_SCH_DIST  NEAREST_SCH_RANK  \n",
       "ID                       -0.000778         -0.010885  \n",
       "PRICE                    -0.024030         -0.453937  \n",
       "BEDROOMS                  0.093771          0.029626  \n",
       "BATHROOMS                 0.053522         -0.095940  \n",
       "GARAGE                    0.094102          0.014924  \n",
       "LAND_AREA                 0.245674          0.034244  \n",
       "FLOOR_AREA                0.117837         -0.136373  \n",
       "BUILD_YEAR                0.096881          0.151206  \n",
       "CBD_DIST                  0.379823          0.324407  \n",
       "NEAREST_STN_DIST          0.636990          0.184562  \n",
       "POSTCODE                  0.133505          0.190799  \n",
       "LATITUDE                 -0.010809         -0.050500  \n",
       "LONGITUDE                 0.306749          0.244113  \n",
       "NEAREST_SCH_DIST          1.000000          0.155208  \n",
       "NEAREST_SCH_RANK          0.155208          1.000000  "
      ]
     },
     "execution_count": 2,
     "metadata": {},
     "output_type": "execute_result"
    }
   ],
   "source": [
    "df.corr()"
   ]
  },
  {
   "cell_type": "code",
   "execution_count": 3,
   "id": "4ea76c5a",
   "metadata": {},
   "outputs": [
    {
     "data": {
      "text/html": [
       "<div>\n",
       "<style scoped>\n",
       "    .dataframe tbody tr th:only-of-type {\n",
       "        vertical-align: middle;\n",
       "    }\n",
       "\n",
       "    .dataframe tbody tr th {\n",
       "        vertical-align: top;\n",
       "    }\n",
       "\n",
       "    .dataframe thead th {\n",
       "        text-align: right;\n",
       "    }\n",
       "</style>\n",
       "<table border=\"1\" class=\"dataframe\">\n",
       "  <thead>\n",
       "    <tr style=\"text-align: right;\">\n",
       "      <th></th>\n",
       "      <th>ID</th>\n",
       "      <th>PRICE</th>\n",
       "      <th>BEDROOMS</th>\n",
       "      <th>BATHROOMS</th>\n",
       "      <th>GARAGE</th>\n",
       "      <th>LAND_AREA</th>\n",
       "      <th>FLOOR_AREA</th>\n",
       "      <th>BUILD_YEAR</th>\n",
       "      <th>CBD_DIST</th>\n",
       "      <th>NEAREST_STN_DIST</th>\n",
       "      <th>POSTCODE</th>\n",
       "      <th>LATITUDE</th>\n",
       "      <th>LONGITUDE</th>\n",
       "      <th>NEAREST_SCH_DIST</th>\n",
       "      <th>NEAREST_SCH_RANK</th>\n",
       "    </tr>\n",
       "  </thead>\n",
       "  <tbody>\n",
       "    <tr>\n",
       "      <th>ID</th>\n",
       "      <td>1.000000</td>\n",
       "      <td>0.002149</td>\n",
       "      <td>0.007004</td>\n",
       "      <td>-0.000146</td>\n",
       "      <td>-0.010428</td>\n",
       "      <td>-0.007281</td>\n",
       "      <td>0.006915</td>\n",
       "      <td>0.000651</td>\n",
       "      <td>0.000779</td>\n",
       "      <td>0.003104</td>\n",
       "      <td>0.003222</td>\n",
       "      <td>-0.011983</td>\n",
       "      <td>-0.006936</td>\n",
       "      <td>-0.000778</td>\n",
       "      <td>-0.010885</td>\n",
       "    </tr>\n",
       "    <tr>\n",
       "      <th>PRICE</th>\n",
       "      <td>0.002149</td>\n",
       "      <td>1.000000</td>\n",
       "      <td>0.256909</td>\n",
       "      <td>0.386485</td>\n",
       "      <td>0.124276</td>\n",
       "      <td>0.046778</td>\n",
       "      <td>0.539524</td>\n",
       "      <td>-0.148771</td>\n",
       "      <td>-0.357368</td>\n",
       "      <td>-0.099370</td>\n",
       "      <td>-0.162925</td>\n",
       "      <td>0.046722</td>\n",
       "      <td>-0.183514</td>\n",
       "      <td>-0.024030</td>\n",
       "      <td>-0.453937</td>\n",
       "    </tr>\n",
       "    <tr>\n",
       "      <th>BEDROOMS</th>\n",
       "      <td>0.007004</td>\n",
       "      <td>0.256909</td>\n",
       "      <td>1.000000</td>\n",
       "      <td>0.558640</td>\n",
       "      <td>0.180447</td>\n",
       "      <td>0.047265</td>\n",
       "      <td>0.536185</td>\n",
       "      <td>0.234275</td>\n",
       "      <td>0.120185</td>\n",
       "      <td>0.105443</td>\n",
       "      <td>0.019795</td>\n",
       "      <td>0.023951</td>\n",
       "      <td>-0.011119</td>\n",
       "      <td>0.093771</td>\n",
       "      <td>0.029626</td>\n",
       "    </tr>\n",
       "    <tr>\n",
       "      <th>BATHROOMS</th>\n",
       "      <td>-0.000146</td>\n",
       "      <td>0.386485</td>\n",
       "      <td>0.558640</td>\n",
       "      <td>1.000000</td>\n",
       "      <td>0.181213</td>\n",
       "      <td>0.028357</td>\n",
       "      <td>0.556328</td>\n",
       "      <td>0.345848</td>\n",
       "      <td>0.028758</td>\n",
       "      <td>0.033446</td>\n",
       "      <td>-0.032696</td>\n",
       "      <td>0.048622</td>\n",
       "      <td>-0.094269</td>\n",
       "      <td>0.053522</td>\n",
       "      <td>-0.095940</td>\n",
       "    </tr>\n",
       "    <tr>\n",
       "      <th>GARAGE</th>\n",
       "      <td>-0.010428</td>\n",
       "      <td>0.124276</td>\n",
       "      <td>0.180447</td>\n",
       "      <td>0.181213</td>\n",
       "      <td>1.000000</td>\n",
       "      <td>0.042186</td>\n",
       "      <td>0.186341</td>\n",
       "      <td>0.045461</td>\n",
       "      <td>0.042033</td>\n",
       "      <td>0.101591</td>\n",
       "      <td>0.019979</td>\n",
       "      <td>-0.011987</td>\n",
       "      <td>0.085201</td>\n",
       "      <td>0.094102</td>\n",
       "      <td>0.014924</td>\n",
       "    </tr>\n",
       "    <tr>\n",
       "      <th>LAND_AREA</th>\n",
       "      <td>-0.007281</td>\n",
       "      <td>0.046778</td>\n",
       "      <td>0.047265</td>\n",
       "      <td>0.028357</td>\n",
       "      <td>0.042186</td>\n",
       "      <td>1.000000</td>\n",
       "      <td>0.066470</td>\n",
       "      <td>0.009614</td>\n",
       "      <td>0.114915</td>\n",
       "      <td>0.201562</td>\n",
       "      <td>0.034252</td>\n",
       "      <td>-0.002033</td>\n",
       "      <td>0.130394</td>\n",
       "      <td>0.245674</td>\n",
       "      <td>0.034244</td>\n",
       "    </tr>\n",
       "    <tr>\n",
       "      <th>FLOOR_AREA</th>\n",
       "      <td>0.006915</td>\n",
       "      <td>0.539524</td>\n",
       "      <td>0.536185</td>\n",
       "      <td>0.556328</td>\n",
       "      <td>0.186341</td>\n",
       "      <td>0.066470</td>\n",
       "      <td>1.000000</td>\n",
       "      <td>0.230423</td>\n",
       "      <td>0.022669</td>\n",
       "      <td>0.106088</td>\n",
       "      <td>-0.040491</td>\n",
       "      <td>0.039342</td>\n",
       "      <td>-0.039926</td>\n",
       "      <td>0.117837</td>\n",
       "      <td>-0.136373</td>\n",
       "    </tr>\n",
       "    <tr>\n",
       "      <th>BUILD_YEAR</th>\n",
       "      <td>0.000651</td>\n",
       "      <td>-0.148771</td>\n",
       "      <td>0.234275</td>\n",
       "      <td>0.345848</td>\n",
       "      <td>0.045461</td>\n",
       "      <td>0.009614</td>\n",
       "      <td>0.230423</td>\n",
       "      <td>1.000000</td>\n",
       "      <td>0.258332</td>\n",
       "      <td>0.090911</td>\n",
       "      <td>0.038833</td>\n",
       "      <td>0.045702</td>\n",
       "      <td>-0.063877</td>\n",
       "      <td>0.096881</td>\n",
       "      <td>0.151206</td>\n",
       "    </tr>\n",
       "    <tr>\n",
       "      <th>CBD_DIST</th>\n",
       "      <td>0.000779</td>\n",
       "      <td>-0.357368</td>\n",
       "      <td>0.120185</td>\n",
       "      <td>0.028758</td>\n",
       "      <td>0.042033</td>\n",
       "      <td>0.114915</td>\n",
       "      <td>0.022669</td>\n",
       "      <td>0.258332</td>\n",
       "      <td>1.000000</td>\n",
       "      <td>0.450933</td>\n",
       "      <td>0.249753</td>\n",
       "      <td>-0.194665</td>\n",
       "      <td>-0.055923</td>\n",
       "      <td>0.379823</td>\n",
       "      <td>0.324407</td>\n",
       "    </tr>\n",
       "    <tr>\n",
       "      <th>NEAREST_STN_DIST</th>\n",
       "      <td>0.003104</td>\n",
       "      <td>-0.099370</td>\n",
       "      <td>0.105443</td>\n",
       "      <td>0.033446</td>\n",
       "      <td>0.101591</td>\n",
       "      <td>0.201562</td>\n",
       "      <td>0.106088</td>\n",
       "      <td>0.090911</td>\n",
       "      <td>0.450933</td>\n",
       "      <td>1.000000</td>\n",
       "      <td>0.205185</td>\n",
       "      <td>0.022709</td>\n",
       "      <td>0.497753</td>\n",
       "      <td>0.636990</td>\n",
       "      <td>0.184562</td>\n",
       "    </tr>\n",
       "    <tr>\n",
       "      <th>POSTCODE</th>\n",
       "      <td>0.003222</td>\n",
       "      <td>-0.162925</td>\n",
       "      <td>0.019795</td>\n",
       "      <td>-0.032696</td>\n",
       "      <td>0.019979</td>\n",
       "      <td>0.034252</td>\n",
       "      <td>-0.040491</td>\n",
       "      <td>0.038833</td>\n",
       "      <td>0.249753</td>\n",
       "      <td>0.205185</td>\n",
       "      <td>1.000000</td>\n",
       "      <td>-0.643786</td>\n",
       "      <td>0.174066</td>\n",
       "      <td>0.133505</td>\n",
       "      <td>0.190799</td>\n",
       "    </tr>\n",
       "    <tr>\n",
       "      <th>LATITUDE</th>\n",
       "      <td>-0.011983</td>\n",
       "      <td>0.046722</td>\n",
       "      <td>0.023951</td>\n",
       "      <td>0.048622</td>\n",
       "      <td>-0.011987</td>\n",
       "      <td>-0.002033</td>\n",
       "      <td>0.039342</td>\n",
       "      <td>0.045702</td>\n",
       "      <td>-0.194665</td>\n",
       "      <td>0.022709</td>\n",
       "      <td>-0.643786</td>\n",
       "      <td>1.000000</td>\n",
       "      <td>-0.113690</td>\n",
       "      <td>-0.010809</td>\n",
       "      <td>-0.050500</td>\n",
       "    </tr>\n",
       "    <tr>\n",
       "      <th>LONGITUDE</th>\n",
       "      <td>-0.006936</td>\n",
       "      <td>-0.183514</td>\n",
       "      <td>-0.011119</td>\n",
       "      <td>-0.094269</td>\n",
       "      <td>0.085201</td>\n",
       "      <td>0.130394</td>\n",
       "      <td>-0.039926</td>\n",
       "      <td>-0.063877</td>\n",
       "      <td>-0.055923</td>\n",
       "      <td>0.497753</td>\n",
       "      <td>0.174066</td>\n",
       "      <td>-0.113690</td>\n",
       "      <td>1.000000</td>\n",
       "      <td>0.306749</td>\n",
       "      <td>0.244113</td>\n",
       "    </tr>\n",
       "    <tr>\n",
       "      <th>NEAREST_SCH_DIST</th>\n",
       "      <td>-0.000778</td>\n",
       "      <td>-0.024030</td>\n",
       "      <td>0.093771</td>\n",
       "      <td>0.053522</td>\n",
       "      <td>0.094102</td>\n",
       "      <td>0.245674</td>\n",
       "      <td>0.117837</td>\n",
       "      <td>0.096881</td>\n",
       "      <td>0.379823</td>\n",
       "      <td>0.636990</td>\n",
       "      <td>0.133505</td>\n",
       "      <td>-0.010809</td>\n",
       "      <td>0.306749</td>\n",
       "      <td>1.000000</td>\n",
       "      <td>0.155208</td>\n",
       "    </tr>\n",
       "    <tr>\n",
       "      <th>NEAREST_SCH_RANK</th>\n",
       "      <td>-0.010885</td>\n",
       "      <td>-0.453937</td>\n",
       "      <td>0.029626</td>\n",
       "      <td>-0.095940</td>\n",
       "      <td>0.014924</td>\n",
       "      <td>0.034244</td>\n",
       "      <td>-0.136373</td>\n",
       "      <td>0.151206</td>\n",
       "      <td>0.324407</td>\n",
       "      <td>0.184562</td>\n",
       "      <td>0.190799</td>\n",
       "      <td>-0.050500</td>\n",
       "      <td>0.244113</td>\n",
       "      <td>0.155208</td>\n",
       "      <td>1.000000</td>\n",
       "    </tr>\n",
       "  </tbody>\n",
       "</table>\n",
       "</div>"
      ],
      "text/plain": [
       "                        ID     PRICE  BEDROOMS  BATHROOMS    GARAGE  \\\n",
       "ID                1.000000  0.002149  0.007004  -0.000146 -0.010428   \n",
       "PRICE             0.002149  1.000000  0.256909   0.386485  0.124276   \n",
       "BEDROOMS          0.007004  0.256909  1.000000   0.558640  0.180447   \n",
       "BATHROOMS        -0.000146  0.386485  0.558640   1.000000  0.181213   \n",
       "GARAGE           -0.010428  0.124276  0.180447   0.181213  1.000000   \n",
       "LAND_AREA        -0.007281  0.046778  0.047265   0.028357  0.042186   \n",
       "FLOOR_AREA        0.006915  0.539524  0.536185   0.556328  0.186341   \n",
       "BUILD_YEAR        0.000651 -0.148771  0.234275   0.345848  0.045461   \n",
       "CBD_DIST          0.000779 -0.357368  0.120185   0.028758  0.042033   \n",
       "NEAREST_STN_DIST  0.003104 -0.099370  0.105443   0.033446  0.101591   \n",
       "POSTCODE          0.003222 -0.162925  0.019795  -0.032696  0.019979   \n",
       "LATITUDE         -0.011983  0.046722  0.023951   0.048622 -0.011987   \n",
       "LONGITUDE        -0.006936 -0.183514 -0.011119  -0.094269  0.085201   \n",
       "NEAREST_SCH_DIST -0.000778 -0.024030  0.093771   0.053522  0.094102   \n",
       "NEAREST_SCH_RANK -0.010885 -0.453937  0.029626  -0.095940  0.014924   \n",
       "\n",
       "                  LAND_AREA  FLOOR_AREA  BUILD_YEAR  CBD_DIST  \\\n",
       "ID                -0.007281    0.006915    0.000651  0.000779   \n",
       "PRICE              0.046778    0.539524   -0.148771 -0.357368   \n",
       "BEDROOMS           0.047265    0.536185    0.234275  0.120185   \n",
       "BATHROOMS          0.028357    0.556328    0.345848  0.028758   \n",
       "GARAGE             0.042186    0.186341    0.045461  0.042033   \n",
       "LAND_AREA          1.000000    0.066470    0.009614  0.114915   \n",
       "FLOOR_AREA         0.066470    1.000000    0.230423  0.022669   \n",
       "BUILD_YEAR         0.009614    0.230423    1.000000  0.258332   \n",
       "CBD_DIST           0.114915    0.022669    0.258332  1.000000   \n",
       "NEAREST_STN_DIST   0.201562    0.106088    0.090911  0.450933   \n",
       "POSTCODE           0.034252   -0.040491    0.038833  0.249753   \n",
       "LATITUDE          -0.002033    0.039342    0.045702 -0.194665   \n",
       "LONGITUDE          0.130394   -0.039926   -0.063877 -0.055923   \n",
       "NEAREST_SCH_DIST   0.245674    0.117837    0.096881  0.379823   \n",
       "NEAREST_SCH_RANK   0.034244   -0.136373    0.151206  0.324407   \n",
       "\n",
       "                  NEAREST_STN_DIST  POSTCODE  LATITUDE  LONGITUDE  \\\n",
       "ID                        0.003104  0.003222 -0.011983  -0.006936   \n",
       "PRICE                    -0.099370 -0.162925  0.046722  -0.183514   \n",
       "BEDROOMS                  0.105443  0.019795  0.023951  -0.011119   \n",
       "BATHROOMS                 0.033446 -0.032696  0.048622  -0.094269   \n",
       "GARAGE                    0.101591  0.019979 -0.011987   0.085201   \n",
       "LAND_AREA                 0.201562  0.034252 -0.002033   0.130394   \n",
       "FLOOR_AREA                0.106088 -0.040491  0.039342  -0.039926   \n",
       "BUILD_YEAR                0.090911  0.038833  0.045702  -0.063877   \n",
       "CBD_DIST                  0.450933  0.249753 -0.194665  -0.055923   \n",
       "NEAREST_STN_DIST          1.000000  0.205185  0.022709   0.497753   \n",
       "POSTCODE                  0.205185  1.000000 -0.643786   0.174066   \n",
       "LATITUDE                  0.022709 -0.643786  1.000000  -0.113690   \n",
       "LONGITUDE                 0.497753  0.174066 -0.113690   1.000000   \n",
       "NEAREST_SCH_DIST          0.636990  0.133505 -0.010809   0.306749   \n",
       "NEAREST_SCH_RANK          0.184562  0.190799 -0.050500   0.244113   \n",
       "\n",
       "                  NEAREST_SCH_DIST  NEAREST_SCH_RANK  \n",
       "ID                       -0.000778         -0.010885  \n",
       "PRICE                    -0.024030         -0.453937  \n",
       "BEDROOMS                  0.093771          0.029626  \n",
       "BATHROOMS                 0.053522         -0.095940  \n",
       "GARAGE                    0.094102          0.014924  \n",
       "LAND_AREA                 0.245674          0.034244  \n",
       "FLOOR_AREA                0.117837         -0.136373  \n",
       "BUILD_YEAR                0.096881          0.151206  \n",
       "CBD_DIST                  0.379823          0.324407  \n",
       "NEAREST_STN_DIST          0.636990          0.184562  \n",
       "POSTCODE                  0.133505          0.190799  \n",
       "LATITUDE                 -0.010809         -0.050500  \n",
       "LONGITUDE                 0.306749          0.244113  \n",
       "NEAREST_SCH_DIST          1.000000          0.155208  \n",
       "NEAREST_SCH_RANK          0.155208          1.000000  "
      ]
     },
     "execution_count": 3,
     "metadata": {},
     "output_type": "execute_result"
    }
   ],
   "source": [
    "df.corr()"
   ]
  },
  {
   "cell_type": "code",
   "execution_count": 4,
   "id": "6e826985",
   "metadata": {},
   "outputs": [
    {
     "data": {
      "text/html": [
       "<div>\n",
       "<style scoped>\n",
       "    .dataframe tbody tr th:only-of-type {\n",
       "        vertical-align: middle;\n",
       "    }\n",
       "\n",
       "    .dataframe tbody tr th {\n",
       "        vertical-align: top;\n",
       "    }\n",
       "\n",
       "    .dataframe thead th {\n",
       "        text-align: right;\n",
       "    }\n",
       "</style>\n",
       "<table border=\"1\" class=\"dataframe\">\n",
       "  <thead>\n",
       "    <tr style=\"text-align: right;\">\n",
       "      <th></th>\n",
       "      <th>ADDRESS</th>\n",
       "      <th>SUBURB</th>\n",
       "      <th>PRICE</th>\n",
       "      <th>BEDROOMS</th>\n",
       "      <th>BATHROOMS</th>\n",
       "      <th>GARAGE</th>\n",
       "      <th>FLOOR_AREA</th>\n",
       "      <th>BUILD_YEAR</th>\n",
       "      <th>CBD_DIST</th>\n",
       "      <th>NEAREST_STN</th>\n",
       "      <th>DATE_SOLD</th>\n",
       "      <th>POSTCODE</th>\n",
       "      <th>LATITUDE</th>\n",
       "      <th>LONGITUDE</th>\n",
       "      <th>NEAREST_SCH</th>\n",
       "      <th>NEAREST_SCH_DIST</th>\n",
       "      <th>NEAREST_SCH_RANK</th>\n",
       "    </tr>\n",
       "  </thead>\n",
       "  <tbody>\n",
       "    <tr>\n",
       "      <th>0</th>\n",
       "      <td>9 Crumlin Way</td>\n",
       "      <td>Ridgewood</td>\n",
       "      <td>520000</td>\n",
       "      <td>5</td>\n",
       "      <td>2</td>\n",
       "      <td>4.0</td>\n",
       "      <td>266</td>\n",
       "      <td>2007.0</td>\n",
       "      <td>35500</td>\n",
       "      <td>Butler Station</td>\n",
       "      <td>09-2015\\r</td>\n",
       "      <td>6030</td>\n",
       "      <td>-31.656206</td>\n",
       "      <td>115.720566</td>\n",
       "      <td>IRENE MCCORMACK CATHOLIC COLLEGE</td>\n",
       "      <td>1.079230</td>\n",
       "      <td>120.0</td>\n",
       "    </tr>\n",
       "    <tr>\n",
       "      <th>1</th>\n",
       "      <td>37 Sissinghurst Crescent</td>\n",
       "      <td>Landsdale</td>\n",
       "      <td>575000</td>\n",
       "      <td>5</td>\n",
       "      <td>4</td>\n",
       "      <td>2.0</td>\n",
       "      <td>301</td>\n",
       "      <td>2014.0</td>\n",
       "      <td>16900</td>\n",
       "      <td>Whitfords Station</td>\n",
       "      <td>07-2018\\r</td>\n",
       "      <td>6065</td>\n",
       "      <td>-31.800802</td>\n",
       "      <td>115.867675</td>\n",
       "      <td>LANDSDALE CHRISTIAN SCHOOL</td>\n",
       "      <td>0.667585</td>\n",
       "      <td>NaN</td>\n",
       "    </tr>\n",
       "    <tr>\n",
       "      <th>2</th>\n",
       "      <td>24 Tees Court</td>\n",
       "      <td>Mindarie</td>\n",
       "      <td>760000</td>\n",
       "      <td>4</td>\n",
       "      <td>2</td>\n",
       "      <td>2.0</td>\n",
       "      <td>220</td>\n",
       "      <td>1992.0</td>\n",
       "      <td>33500</td>\n",
       "      <td>Clarkson Station</td>\n",
       "      <td>02-2020\\r</td>\n",
       "      <td>6030</td>\n",
       "      <td>-31.682040</td>\n",
       "      <td>115.702600</td>\n",
       "      <td>MINDARIE SENIOR COLLEGE</td>\n",
       "      <td>0.650761</td>\n",
       "      <td>111.0</td>\n",
       "    </tr>\n",
       "    <tr>\n",
       "      <th>3</th>\n",
       "      <td>31 Brentham Street</td>\n",
       "      <td>Mount Hawthorn</td>\n",
       "      <td>1230000</td>\n",
       "      <td>2</td>\n",
       "      <td>1</td>\n",
       "      <td>2.0</td>\n",
       "      <td>185</td>\n",
       "      <td>1938.0</td>\n",
       "      <td>3500</td>\n",
       "      <td>Leederville Station</td>\n",
       "      <td>07-2020\\r</td>\n",
       "      <td>6016</td>\n",
       "      <td>-31.926046</td>\n",
       "      <td>115.838181</td>\n",
       "      <td>ARANMORE CATHOLIC COLLEGE</td>\n",
       "      <td>0.484465</td>\n",
       "      <td>106.0</td>\n",
       "    </tr>\n",
       "    <tr>\n",
       "      <th>4</th>\n",
       "      <td>46/1 Corkhill Street</td>\n",
       "      <td>North Fremantle</td>\n",
       "      <td>2010000</td>\n",
       "      <td>3</td>\n",
       "      <td>2</td>\n",
       "      <td>2.0</td>\n",
       "      <td>186</td>\n",
       "      <td>2004.0</td>\n",
       "      <td>12900</td>\n",
       "      <td>North Fremantle Station</td>\n",
       "      <td>10-2017\\r</td>\n",
       "      <td>6159</td>\n",
       "      <td>-32.032079</td>\n",
       "      <td>115.759626</td>\n",
       "      <td>JOHN CURTIN COLLEGE OF THE ARTS</td>\n",
       "      <td>1.869050</td>\n",
       "      <td>25.0</td>\n",
       "    </tr>\n",
       "  </tbody>\n",
       "</table>\n",
       "</div>"
      ],
      "text/plain": [
       "                    ADDRESS           SUBURB    PRICE  BEDROOMS  BATHROOMS  \\\n",
       "0             9 Crumlin Way        Ridgewood   520000         5          2   \n",
       "1  37 Sissinghurst Crescent        Landsdale   575000         5          4   \n",
       "2             24 Tees Court         Mindarie   760000         4          2   \n",
       "3        31 Brentham Street   Mount Hawthorn  1230000         2          1   \n",
       "4      46/1 Corkhill Street  North Fremantle  2010000         3          2   \n",
       "\n",
       "   GARAGE  FLOOR_AREA  BUILD_YEAR  CBD_DIST              NEAREST_STN  \\\n",
       "0     4.0         266      2007.0     35500           Butler Station   \n",
       "1     2.0         301      2014.0     16900        Whitfords Station   \n",
       "2     2.0         220      1992.0     33500         Clarkson Station   \n",
       "3     2.0         185      1938.0      3500      Leederville Station   \n",
       "4     2.0         186      2004.0     12900  North Fremantle Station   \n",
       "\n",
       "   DATE_SOLD  POSTCODE   LATITUDE   LONGITUDE  \\\n",
       "0  09-2015\\r      6030 -31.656206  115.720566   \n",
       "1  07-2018\\r      6065 -31.800802  115.867675   \n",
       "2  02-2020\\r      6030 -31.682040  115.702600   \n",
       "3  07-2020\\r      6016 -31.926046  115.838181   \n",
       "4  10-2017\\r      6159 -32.032079  115.759626   \n",
       "\n",
       "                        NEAREST_SCH  NEAREST_SCH_DIST  NEAREST_SCH_RANK  \n",
       "0  IRENE MCCORMACK CATHOLIC COLLEGE          1.079230             120.0  \n",
       "1        LANDSDALE CHRISTIAN SCHOOL          0.667585               NaN  \n",
       "2           MINDARIE SENIOR COLLEGE          0.650761             111.0  \n",
       "3         ARANMORE CATHOLIC COLLEGE          0.484465             106.0  \n",
       "4   JOHN CURTIN COLLEGE OF THE ARTS          1.869050              25.0  "
      ]
     },
     "execution_count": 4,
     "metadata": {},
     "output_type": "execute_result"
    }
   ],
   "source": [
    "ndf= df.drop(['ID', 'LAND_AREA', 'NEAREST_STN_DIST'], axis=1)\n",
    "ndf.head()"
   ]
  },
  {
   "cell_type": "code",
   "execution_count": 5,
   "id": "f350f880",
   "metadata": {},
   "outputs": [
    {
     "name": "stdout",
     "output_type": "stream",
     "text": [
      "<class 'pandas.core.frame.DataFrame'>\n",
      "RangeIndex: 18510 entries, 0 to 18509\n",
      "Data columns (total 17 columns):\n",
